time,x,y,z,phi,theta,psi,x_velocity,y_velocity,z_velocity,phi_velocity,theta_velocity,psi_velocity,rotor_speed1,rotor_speed2,rotor_speed3,rotor_speed4
0.06,-8.4223161781e-09,-3.38676322291e-09,0.00425139436002,6.28318110367,1.02077344062e-05,0.0,-8.35245370873e-07,-3.39875286513e-07,0.14170534123,-0.000210557943713,0.00050826495627,0.0,449.961138019,450.002271398,449.902864297,449.885820754
0.12000000000000001,-4.15265996785e-07,-1.20774705943e-07,0.017004851755,3.58602041697e-05,5.20340718575e-05,0.0,-1.66407394663e-05,-2.02934488894e-06,0.283384654916,0.00236900028889,0.00107216969745,0.0,449.874046874,449.919680783,449.927484091,450.136229439
0.18,-2.76864825802e-06,1.09290864508e-06,0.0382567077077,0.000142965300217,5.26095549374e-05,0.0,-6.54101443156e-05,5.59917386516e-05,0.424967874519,0.00059081312078,-0.00220527144608,0.0,450.171266255,449.906030169,450.044057803,449.900093718
0.23999999999999996,-7.51875984546e-06,7.73007687239e-06,0.067994480287,0.000182487849906,0.000121272548164,0.0,-9.02660026015e-05,0.000169291482971,0.566231260736,0.000794168457647,0.00711957190116,0.0,449.634730945,450.389405978,450.006666629,450.023109876
0.3,-1.75125200523e-05,2.21259492792e-05,0.106188055461,0.000289852497522,0.000736923236088,0.0,-0.000299856867381,0.000319004121415,0.706810987648,0.00370923243613,0.0159008246259,0.0,449.647967618,450.358566028,449.76926505,450.005221698
0.36000000000000004,-5.56053318509e-05,4.84716525939e-05,0.152805063923,0.000467485088229,0.00182041647572,0.0,-0.00108013806812,0.000580803321039,0.846995348007,0.00141936696418,0.0220569250309,0.0,449.842166222,450.340254883,450.003737593,449.818306909
0.4200000000000001,-0.000165567390236,9.37902270168e-05,0.207807270113,0.000409977017997,0.00319402551668,0.0,-0.00273048849592,0.000931776112483,0.986301000522,-0.00619808853203,0.0245160272302,0.0,449.922502597,450.121560088,450.172496827,449.555791867
0.48000000000000015,-0.000404989284128,0.000157072434998,0.271135768879,6.28312757636,0.00466109816271,0.0,-0.00540795650037,0.00113261825894,1.12452232884,-0.0111975827141,0.0243212781304,0.0,449.81972042,449.804027611,450.102025289,449.697397876
0.5400000000000001,-0.000836905749964,0.0002209708836,0.342737806276,6.28228884252,0.00611157763898,0.0,-0.00914504187515,0.000916850779069,1.26206943788,-0.0202196375912,0.0238798297245,0.0,449.948794603,449.913126776,450.290472037,449.56021891
0.6000000000000002,-0.00152439512123,0.000251498322176,0.422558680959,6.28087934637,0.00761101463649,0.0,-0.0139278001756,-3.88660351002e-05,1.39846804866,-0.0310038334443,0.0271241949351,0.0,449.846489808,450.109194058,450.233776456,449.360442471
0.6600000000000003,-0.00253196064272,0.000191528207491,0.51052080153,6.27883205811,0.00934676263932,0.0,-0.0198368185016,-0.00216812682516,1.53342908011,-0.0412260754848,0.0323139928598,0.0,449.670596792,450.091003789,450.113015131,449.284577921
0.7200000000000003,-0.00393264690826,-4.29539535846e-05,0.606546946914,6.27615086412,0.0113573117029,0.0,-0.0270623254598,-0.00592164019731,1.6672531142,-0.0527028189783,0.035797847357,0.0,449.811032819,450.093483101,450.146637381,449.215877944
0.7800000000000004,-0.00581087039947,-0.00056331484963,0.710573951934,6.2727354181,0.0134666519541,0.0,-0.0357702738337,-0.011771750774,1.80010814936,-0.0670867981915,0.0338396508479,0.0,450.068762158,449.910774361,450.450879835,449.284013541
0.8400000000000004,-0.0082560855617,-0.00151151314596,0.822520383377,6.26847356817,0.0154794915077,0.0,-0.0459494869422,-0.0202725381846,1.93121867996,-0.0803885417843,0.0329562946675,0.0,449.994006829,449.922933472,450.251552238,449.170295046
0.9000000000000005,-0.0113547507496,-0.00306446656798,0.942298353551,6.26342674822,0.0173682274756,0.0,-0.0575417359402,-0.0320127815539,2.06114267428,-0.0928531439916,0.0283477975968,0.0,450.205530112,449.8328543,450.379744955,449.364752706
0.9600000000000005,-0.0151880531056,-0.00543294475139,1.06983704313,6.25771396589,0.0190320836431,0.0,-0.0704096589255,-0.0475303484559,2.18989216978,-0.10040416739,0.026467957623,0.0,450.259408678,450.107492623,450.317347693,449.698524706
1.0200000000000005,-0.0198279535426,-0.00885612435908,1.20505544386,6.25157064411,0.0204386692729,0.0,-0.08440860468,-0.0672134798393,2.31711640428,-0.10668283275,0.0165792186978,0.0,450.76670911,449.966965619,450.237365426,449.720134187
1.0800000000000005,-0.025334187031,-0.0135913109771,1.3478292841,6.24507424068,0.0213181014598,0.0,-0.0992266685798,-0.0912983733756,2.44172661138,-0.111657869352,0.0105059465784,0.0,450.529616719,450.038214446,449.815635562,449.402390311
1.1400000000000006,-0.0317462138521,-0.0199104131692,1.49804118259,6.23839409474,0.0218166997433,0.0,-0.114561953692,-0.120032906293,2.56503535782,-0.110699782821,0.00351007212593,0.0,450.633849076,450.067886079,449.925809402,449.992551246
1.2000000000000006,-0.0390859707449,-0.0280929006831,1.65557853842,6.23186264923,0.0219432088821,0.0,-0.13010868408,-0.153395561991,2.68589658146,-0.105409070627,-0.000853585656038,0.0,450.389259618,450.036160255,449.659107514,450.077193138
1.2600000000000007,-0.0473587328904,-0.0384113507247,1.82029145942,6.22561818347,0.021788525092,0.0,-0.145633584737,-0.191195508276,2.80421084475,-0.101532534531,-0.00627192408152,0.0,450.189229261,449.750651257,449.713627116,450.018210387
1.3200000000000007,-0.0565574225005,-0.0511263849678,1.99204536076,6.21963240561,0.0213329796906,0.0,-0.160940081223,-0.233252007982,2.92058525763,-0.0964424373329,-0.0103736964276,0.0,450.257053278,449.925203868,449.71452957,450.11817976
1.3800000000000008,-0.0666624988208,-0.0664857875783,2.17070541157,6.21402759112,0.0205708582913,0.0,-0.175818250688,-0.279300776138,3.03440826221,-0.0879596845042,-0.0178207253,0.0,450.115232929,449.512272845,449.687306332,450.366629573
1.4400000000000008,-0.0776412523185,-0.084719977831,2.35612222649,6.20879810252,0.0194351613025,0.0,-0.190020117324,-0.329029186012,3.14580505284,-0.0856024404012,-0.0212406954933,0.0,449.857540003,449.580575647,449.966449838,450.151054349
1.5000000000000009,-0.089446068618,-0.10604164463,2.54813854755,6.20365108935,0.018085275319,0.0,-0.203332782914,-0.382201358261,3.25438522845,-0.086148014452,-0.0251392881936,0.0,449.781782187,449.465902626,449.90113401,449.850994596
1.560000000000001,-0.102019537653,-0.130657115638,2.74660449783,6.1985005742,0.0164536443388,0.0,-0.215616294079,-0.438821189804,3.36078384674,-0.085237052411,-0.0316562449765,0.0,449.846426361,449.318212002,450.029452172,450.09721526
1.620000000000001,-0.115293705386,-0.158772882805,2.95139237135,6.19326149696,0.014468585243,0.0,-0.226651869185,-0.498876054792,3.46510734373,-0.0918400701353,-0.0361047792059,0.0,449.946255199,449.585537822,450.396988913,449.856384282
1.680000000000001,-0.129187063003,-0.190598509803,3.16238218029,6.18766581128,0.0121814904872,0.0,-0.236228049823,-0.562518595734,3.56750199806,-0.0962651434041,-0.0424831608075,0.0,450.290495034,449.773499649,450.426335121,450.061070676
1.740000000000001,-0.143605207509,-0.226352890699,3.37942791994,6.18180243458,0.00947555849597,0.0,-0.244105732355,-0.629857672649,3.66696263481,-0.100808185942,-0.0509219820912,0.0,450.204288128,449.519768744,450.410529475,450.034881484
1.8000000000000012,-0.158437517141,-0.266262754928,3.6023547118,6.17572510778,0.00622151219704,0.0,-0.24998224485,-0.701055435769,3.76352785618,-0.102266913402,-0.0618508200002,0.0,450.208638946,449.321498221,450.254219372,450.127446885
1.8600000000000012,-0.173552618243,-0.310563936737,3.83100163946,6.16969977474,0.00238091212142,0.0,-0.253470607076,-0.776232639729,3.85762545299,-0.0969695126251,-0.0687193103664,0.0,450.155345056,449.59620557,450.042698469,450.462720102
1.9200000000000013,-0.188796486362,-0.359490756079,4.06520894026,6.1640561033,6.28123343553,0.0,-0.254232214139,-0.855204086788,3.94887094806,-0.088804211534,-0.0803172209895,0.0,450.559193326,449.616464789,449.671694509,450.32529275
1.9800000000000013,-0.203994973998,-0.413262117041,4.30480798555,6.158917015,6.27622027699,0.0,-0.251891464853,-0.93766431925,4.03735002732,-0.0799964134586,-0.0909633449753,0.0,450.546982476,449.679688697,449.636038943,450.343105776
2.0400000000000014,-0.218948955275,-0.472076259152,4.54963081941,6.15421035092,6.27058733311,0.0,-0.246022194284,-1.02324672877,4.12299742839,-0.0755099271512,-0.100468715692,0.0,450.472688264,449.69592935,449.814940398,450.173311811
2.1000000000000014,-0.233435108862,-0.536112681836,4.79951118615,6.14973267858,6.26443722395,0.0,-0.236246269163,-1.11171340222,4.20593111454,-0.0729206202605,-0.106910283452,0.0,450.244709887,449.714202747,450.051688027,450.256950207
2.1600000000000015,-0.247210558498,-0.605536222043,5.05425881425,6.14536650324,6.25787028247,0.0,-0.222297190806,-1.20280191072,4.28523785128,-0.0724693904677,-0.115077567853,0.0,450.089680531,449.41766792,449.863949534,449.896457146
2.2200000000000015,-0.260016940708,-0.680503828354,5.31366987482,6.14102911077,6.25081334064,0.0,-0.203900225334,-1.29651071094,4.36137338334,-0.0719334331128,-0.123242269611,0.0,449.794133998,449.120059401,449.954160921,449.993586127
2.2800000000000016,-0.271577882794,-0.761174745672,5.57757458109,6.13675188363,6.24326258318,0.0,-0.180738396937,-1.39290570279,4.43501729571,-0.0700255139929,-0.131634482887,0.0,449.963597895,449.2693403,449.98782451,450.138427601
2.3400000000000016,-0.28159955222,-0.847704223904,5.84579428917,6.13263150815,6.23519982719,0.0,-0.152546899523,-1.49178087058,4.50520259852,-0.0660976697639,-0.140520255716,0.0,449.71036761,448.973445617,449.856044342,450.170517738
2.4000000000000017,-0.289769815975,-0.940241343516,6.1181485429,6.12880223239,6.22670169545,0.0,-0.118981869802,-1.59313316829,4.57282909628,-0.0596201542909,-0.143962112521,0.0,449.911248746,449.614030397,449.589144487,450.110790384
2.4600000000000017,-0.295760559598,-1.03892608917,6.39446791692,6.12526688609,6.21795054568,0.0,-0.0798796865603,-1.69666824379,4.63737096549,-0.0575628680989,-0.149924738406,0.0,449.940591102,449.437867927,449.788120787,449.952340776
2.520000000000002,-0.299235074345,-1.14388473532,6.67456837742,6.12176089384,6.20877571136,0.0,-0.0350759723697,-1.8022546366,4.69885680491,-0.0602325084237,-0.159676434093,0.0,450.076274195,449.264366449,449.985256985,449.766734458
2.580000000000002,-0.299842214694,-1.25524278334,6.95827918963,6.11821635791,6.19899736854,0.0,0.0157509896319,-1.90998914397,4.75769952932,-0.056857665961,-0.170537418895,0.0,450.189093415,449.284207032,449.973327291,450.24408654
2.640000000000002,-0.297211424375,-1.37312497321,7.24541786104,6.11469757991,6.1885773943,0.0,0.07291044662,-2.01971342519,4.81310767914,-0.0624859365819,-0.180789850302,0.0,450.148336887,449.289064957,450.216139638,449.758102253
2.700000000000002,-0.290950095094,-1.49765472432,7.53579386801,6.11085226911,6.17753192869,0.0,0.136821258574,-2.13160269589,4.86558536328,-0.067501721849,-0.191668553536,0.0,450.436505546,449.523209831,450.184429973,449.775377703
2.760000000000002,-0.280643576445,-1.62896524675,7.8292138211,6.1066836461,6.16582207298,0.0,0.207804516821,-2.24576436556,4.91454644041,-0.0737509578545,-0.203263230765,0.0,450.419446767,449.443758464,450.278605923,449.769076672
2.820000000000002,-0.265857377891,-1.76719676166,8.1254523136,6.1022301538,6.15347359871,0.0,0.286198249961,-2.36232857756,4.95950821146,-0.0751893977951,-0.211445680347,0.0,450.065710617,449.361676208,450.112547212,449.991876367
2.880000000000002,-0.246135373265,-1.91249964509,8.42427941425,6.0976996814,6.14069613355,0.0,0.372365588568,-2.48147954066,5.00080727876,-0.0761521776887,-0.216161547592,0.0,450.259215469,449.833312167,449.897365018,449.814985065
2.940000000000002,-0.221005682837,-2.06502936362,8.72546947758,6.09317516601,6.12764598447,0.0,0.466470193009,-2.60322085829,5.03824897474,-0.0739622237607,-0.220323591219,0.0,450.425506892,450.04259177,449.704490244,449.877478461
3.000000000000002,-0.189991780441,-2.22493656234,9.02876954094,6.08872542669,6.11433101875,0.0,0.568518268637,-2.72738205028,5.07112079564,-0.0745653221392,-0.225301327121,0.0,450.36521355,449.914189553,449.677839741,449.624750857
3.0600000000000023,-0.152611539038,-2.39236789955,9.33391754741,6.08425995175,6.10064262036,0.0,0.678700210507,-2.854022584,5.09981852898,-0.0741447362488,-0.234512360102,0.0,450.408239116,449.611380263,449.886197024,449.91600044
3.1200000000000023,-0.108371191297,-2.56747149618,9.64065852505,6.07972646324,6.08641755743,0.0,0.797225789626,-2.98311940007,5.12418572846,-0.078544574957,-0.242787984763,0.0,450.414602232,449.689262698,450.193234787,449.832601854
3.1800000000000024,-0.0567644923731,-2.75039392688,9.94871770643,6.07497840643,6.07167894134,0.0,0.924276166227,-3.11466375134,5.1437176085,-0.0803398172684,-0.252057965759,0.0,450.46709788,449.656974178,450.074143241,449.923866185
3.2400000000000024,0.00272902103954,-2.94128598432,10.2578077258,6.07025747943,6.05640388965,0.0,1.06015339019,-3.24876859824,5.15850552234,-0.0755591110753,-0.260173747485,0.0,450.369864988,449.64848108,450.095636854,450.477585678
3.3000000000000025,0.0706400932058,-3.14029331729,10.5676137816,6.06566530182,6.04062489574,0.0,1.20488791557,-3.38514769518,5.16755354058,-0.0785647632818,-0.269279467741,0.0,450.358365112,449.552192298,450.214112295,449.966259249
3.3600000000000025,0.147510898233,-3.34755448304,10.8778049588,6.06086683498,6.02422532575,0.0,1.35884236729,-3.52390212334,5.1712905294,-0.0829524360105,-0.282957133228,0.0,450.536053931,449.353706191,450.490780893,450.130725078
3.4200000000000026,0.23389889531,-3.56321038474,11.1880375124,6.05578680954,6.00695077538,0.0,1.5221785732,-3.66498146304,5.16887073223,-0.0883355067688,-0.30028739355,0.0,450.795837274,449.309337637,450.336753398,449.895235846
3.4800000000000026,0.330377936258,-3.78740215369,11.4979273069,6.05032261125,5.98860497804,0.0,1.69527561446,-3.80844265898,5.15979047135,-0.0971876607662,-0.319879218435,0.0,450.910163626,449.229389476,450.344600245,449.620966449
3.5400000000000027,0.437550547119,-4.02027834673,11.8070689839,6.04442416059,5.96908424684,0.0,1.878701817,-3.95448005581,5.14384191541,-0.100645019264,-0.339425068422,0.0,451.025945284,449.336341498,450.134455955,449.846354634
3.6000000000000028,0.556048889503,-4.26199391456,12.1150270348,6.03834601233,5.94840517386,0.0,2.07286517553,-4.10308032797,5.12024808229,-0.102649785331,-0.357915917493,0.0,451.023497951,449.405882593,450.048535141,449.877462376
3.660000000000003,0.686530896167,-4.51270118756,12.4213284016,6.0322549994,5.92661148546,0.0,2.27821162927,-4.25418305614,5.08852899603,-0.0993439362791,-0.376777584954,0.0,451.094703654,449.43338678,449.87307843,450.131952796
3.720000000000003,0.829674316558,-4.77254164926,12.7254569718,6.0264022486,5.90375851618,0.0,2.49496048129,-4.40747672611,5.04773718317,-0.0941749924396,-0.390671245785,0.0,451.020637529,449.748196911,449.525222537,449.935947371
3.780000000000003,0.986172002747,-5.04163835766,13.0268552203,6.02091011936,5.88008274865,0.0,2.72337237086,-4.56267416498,4.99744067997,-0.0867228573902,-0.403866683828,0.0,450.883693649,449.656261455,449.471146888,450.067872907
3.840000000000003,1.15672857771,-5.32009582224,13.3249414139,6.01583226171,5.85561016062,0.0,2.9635995597,-4.71944527319,4.93725691371,-0.080747357955,-0.41738744362,0.0,450.870690262,449.605578503,449.582789475,450.061011179
3.900000000000003,1.34205822928,-5.60799963324,13.6191137346,6.01099089771,5.83037835107,0.0,3.21580949618,-4.87750432391,4.8668888445,-0.0805738073351,-0.427671886875,0.0,450.651535177,449.637237158,450.11891991,450.127811413
3.960000000000003,1.54286471645,-5.9054114044,13.9087152372,6.00616817569,5.80454671016,0.0,3.47946982691,-5.03634971504,4.78480703663,-0.0799915536307,-0.436929270803,0.0,450.269316259,449.328485097,450.007415581,450.0494457
4.020000000000002,1.75984034632,-6.21237863087,14.1930465418,6.00138065326,5.77814992358,0.0,3.75474529048,-5.19598902858,4.69112046275,-0.0793962134286,-0.44676119077,0.0,450.451632283,449.455904979,449.927635397,449.970820753
4.080000000000001,1.99366641034,-6.52893868766,14.4713779838,5.99659554135,5.75122989373,0.0,4.04110636473,-5.356081044,4.58471754797,-0.0804723766168,-0.452763696067,0.0,450.073640074,449.379622196,449.957205888,449.865032065
4.14,2.24500591476,-6.85511761423,14.7429426993,5.99171678441,5.7239271747,0.0,4.33845824578,-5.51659469256,4.4654679259,-0.0830472607067,-0.460029218093,0.0,450.099753755,449.297206894,450.149148108,449.935421441
4.199999999999998,2.51450485663,-7.1909365002,15.0069510528,5.98662651183,5.69630509819,0.0,4.64634337456,-5.67739399993,4.33273883303,-0.0886811178068,-0.461051354429,0.0,449.766834713,449.465087762,450.483451718,450.021708859
4.259999999999997,2.80277230394,-7.53640749045,15.2625680412,5.98130694762,5.6686494237,0.0,4.96396429253,-5.83832211018,4.18567106956,-0.0886160411039,-0.460683130372,0.0,449.736801665,449.547197924,450.179332247,450.178170178
4.319999999999996,3.11037491984,-7.89153761579,15.5089250128,5.97591520972,5.64082204533,0.0,5.29073538508,-5.99934218493,4.02399632392,-0.0924772290191,-0.470833889352,0.0,450.354791558,449.310112255,450.297792368,449.978593854
4.379999999999995,3.43783701479,-8.25632622033,15.7451224616,5.97032230785,5.61247791062,0.0,5.62585536872,-6.16024924487,3.84691542236,-0.0947318890198,-0.475724841867,0.0,450.238908067,449.612104716,450.154336315,449.964567493
4.439999999999993,3.78563399277,-8.63076015288,15.9702104776,5.96458435777,5.58384386513,0.0,5.96844695173,-6.3208321734,3.65359902303,-0.0974959944975,-0.480423501777,0.0,450.247549284,449.631481609,450.011724215,449.780182791
4.499999999999992,4.15419311326,-9.01481726596,16.1832026307,5.95854221575,5.55498485596,0.0,6.31779650094,-6.48100515029,3.44363765475,-0.108035029901,-0.482122750314,0.0,450.027395209,449.650398714,450.397062355,449.53490501
4.559999999999991,4.54389528194,-9.408472399,16.3830872902,5.9518841204,5.52614776807,0.0,6.67305763835,-6.64076786748,3.21659984694,-0.117589752796,-0.477778343551,0.0,449.894454214,450.0073238,450.332024422,449.547417875
4.6199999999999894,4.95504630421,-9.81169629174,16.5688100112,5.9446782732,5.49763436382,0.0,7.03257946715,-6.79997021262,2.97152497771,-0.125648827137,-0.470566876431,0.0,449.553148785,449.903745065,450.121541819,449.455775519
4.679999999999988,5.38788103768,-10.2244621053,16.7392959941,5.93700772833,5.46951023065,0.0,7.39566115602,-6.9588367633,2.70867220881,-0.132630957223,-0.465316922837,0.0,449.730684481,449.928863785,450.083533621,449.503126548
4.739999999999987,5.84256347361,-10.6467465487,16.8934605338,5.92891239958,5.4416663993,0.0,7.7606562894,-7.1172614356,2.42744802593,-0.139944877411,-0.461677906989,0.0,449.52452922,449.596899707,450.124070121,449.514955673
4.799999999999986,6.31919138127,-11.0785298409,17.0302118495,5.9204285595,5.41398164811,0.0,8.12699840704,-7.27546629125,2.12819619358,-0.144469308691,-0.460889046517,0.0,449.721530238,449.565534517,450.223349299,449.838634584
4.859999999999984,6.81780404189,-11.5197967491,17.1484561367,5.91169204376,5.3863016119,0.0,8.49331234628,-7.43337915612,1.81051707336,-0.147987485239,-0.462235198373,0.0,450.076484672,449.747730762,450.038150908,449.733611163
4.919999999999983,7.33835819774,-11.9705269029,17.2470759604,5.90283450173,5.35858817644,0.0,8.85821766647,-7.59090590047,1.47402518925,-0.146912637118,-0.461212832126,0.0,449.825148326,449.687644977,449.926088608,449.993001321
4.979999999999982,7.88072999347,-12.4306953543,17.3249357025,5.89396933779,5.33089092582,0.0,9.22040525707,-7.74799268705,1.11851451815,-0.149486004306,-0.462446224124,0.0,449.826392301,449.506305414,449.922740572,449.694060855
5.0399999999999805,8.44472867173,-12.9002783863,17.3808971589,5.88490948492,5.30313475334,0.0,9.57895036346,-7.90473547949,0.744071577195,-0.154202027747,-0.46291674828,0.0,449.945180891,449.68605025,449.753392818,449.34989192
